cent0020
0.55	1.52834	0.0205072	0.1222672
0.65	0.971095	0.0121813	0.07768760000000001
0.75	0.637272	0.00775554	0.050981759999999994
0.85	0.421628	0.00501413	0.03373024
0.95	0.279364	0.00327791	0.02234912
1.05	0.192426	0.00226492	0.015394080000000001
1.15	0.132787	0.00156867	0.010622959999999999
1.25	0.0933511	0.00111376	0.007468088
1.35	0.0654572	0.000778701	0.005236576
1.45	0.0473884	0.000566534	0.003791072
1.55	0.0346611	0.000421304	0.0027728880000000003
1.65	0.02452	0.000296998	0.0019616
1.75	0.0185403	0.000229522	0.001483224
1.85	0.0133661	0.000166698	0.001069288
1.95	0.0101153	0.000128947	0.0008092240000000001
2.1	0.0067931	6.43455e-05	0.000543448
2.3	0.00392306	3.97968e-05	0.0003138448
2.5	0.0023695	2.7278e-05	0.00018956000000000002
2.7	0.00147865	1.99454e-05	0.000118292
2.9	0.000918011	1.51478e-05	7.344088000000001e-05
3.25	0.000446667	6.76787e-06	4.020003e-05
3.75	0.000154305	4.37323e-06	1.388745e-05
4.25	5.53414e-05	2.84906e-06	4.980726e-06
4.75	2.46875e-05	2.15299e-06	2.221875e-06

cent0100
0.55	0.828694	0.0110992	0.06629552000000001
0.65	0.520171	0.00650985	0.04161368000000001
0.75	0.33712	0.00408905	0.0269696
0.85	0.220558	0.00261171	0.01764464
0.95	0.144553	0.00168697	0.01156424
1.05	0.0989066	0.00115596	0.007912528
1.15	0.0678456	0.000793859	0.005427648
1.25	0.0473999	0.000558764	0.003791992
1.35	0.0330171	0.000386733	0.0026413680000000003
1.45	0.023654	0.000277402	0.00189232
1.55	0.017254	0.000204495	0.00138032
1.65	0.0121736	0.000142828	0.000973888
1.75	0.0091521	0.00010892	0.0007321680000000001
1.85	0.00660797	7.83151e-05	0.0005286376000000001
1.95	0.00498664	5.97708e-05	0.0003989312
2.1	0.00333772	2.91923e-05	0.0002670176
2.3	0.00192701	1.74699e-05	0.0001541608
2.5	0.0011524	1.14259e-05	9.2192e-05
2.7	0.000703678	7.90127e-06	5.629424e-05
2.9	0.000437156	5.76255e-06	3.497248e-05
3.25	0.000206781	2.39687e-06	1.861029e-05
3.75	7.00807e-05	1.42865e-06	6.307263e-06
4.25	2.84157e-05	9.83665e-07	2.557413e-06
4.75	1.13278e-05	6.67341e-07	1.019502e-06

cent2040
0.55	1.14029	0.0153117	0.0912232
0.65	0.719917	0.00904768	0.05759336
0.75	0.468775	0.0057125	0.037502
0.85	0.307383	0.00366412	0.02459064
0.95	0.201883	0.00237901	0.01615064
1.05	0.138413	0.00163793	0.011073040000000001
1.15	0.0953345	0.0011347	0.007626760000000001
1.25	0.0665888	0.00080209	0.005327104
1.35	0.0466518	0.000561994	0.003732144
1.45	0.033308	0.000405033	0.00266464
1.55	0.0242337	0.0003009	0.0019386960000000002
1.65	0.0172111	0.000214025	0.001376888
1.75	0.0129133	0.000165189	0.001033064
1.85	0.00935632	0.000121576	0.0007485056
1.95	0.00703601	9.42635e-05	0.0005628808
2.1	0.00471556	4.76554e-05	0.0003772448
2.3	0.00270441	2.99031e-05	0.0002163528
2.5	0.0016462	2.10881e-05	0.000131696
2.7	0.000987734	1.528e-05	7.901872e-05
2.9	0.000632558	1.20975e-05	5.0604639999999996e-05
3.25	0.00028624	5.30939e-06	2.5761599999999997e-05
3.75	9.74576e-05	3.46065e-06	8.771184e-06
4.25	4.23861e-05	2.615e-06	3.814749e-06
4.75	1.61387e-05	1.69263e-06	1.4524829999999998e-06

cent4060
0.55	0.805412	0.0108411	0.06443296
0.65	0.50111	0.00630961	0.04008880000000001
0.75	0.322087	0.00393667	0.025766960000000002
0.85	0.209062	0.00250299	0.01672496
0.95	0.136105	0.00161503	0.010888400000000001
1.05	0.0919278	0.00109818	0.007354224
1.15	0.0629378	0.000758873	0.005035024
1.25	0.0440506	0.000539004	0.003524048
1.35	0.0302348	0.000372411	0.0024187839999999998
1.45	0.0215022	0.000268965	0.001720176
1.55	0.0157214	0.00020219	0.001257712
1.65	0.0110447	0.000143642	0.000883576
1.75	0.00822848	0.000111214	0.0006582784
1.85	0.00596417	8.29541e-05	0.00047713360000000007
1.95	0.00446652	6.48682e-05	0.0003573216
2.1	0.00300636	3.35305e-05	0.0002405088
2.3	0.00174236	2.17967e-05	0.0001393888
2.5	0.00101416	1.52327e-05	8.113280000000001e-05
2.7	0.000615328	1.14058e-05	4.9226239999999996e-05
2.9	0.00036914	8.85487e-06	2.9531200000000003e-05
3.25	0.00017774	4.12123e-06	1.59966e-05
3.75	5.68497e-05	2.63378e-06	5.1164729999999995e-06
4.25	2.41666e-05	1.95431e-06	2.1749939999999998e-06
4.75	9.7231e-06	1.36444e-06	8.750789999999999e-07

cent6088
0.55	0.416342	0.00561416	0.03330736
0.65	0.252346	0.00318668	0.020187680000000003
0.75	0.157714	0.00193926	0.012617119999999999
0.85	0.100223	0.00120943	0.00801784
0.95	0.0636783	0.000763365	0.005094263999999999
1.05	0.0432303	0.000523203	0.003458424
1.15	0.028841	0.000354609	0.00230728
1.25	0.0196552	0.000246961	0.001572416
1.35	0.0134798	0.000171772	0.001078384
1.45	0.0094722	0.000123732	0.000757776
1.55	0.00685547	9.31913e-05	0.0005484376
1.65	0.00473765	6.60798e-05	0.000379012
1.75	0.00355214	5.21186e-05	0.0002841712
1.85	0.00253988	3.91354e-05	0.0002031904
1.95	0.00193709	3.14674e-05	0.0001549672
2.1	0.00126257	1.6205e-05	0.0001010056
2.3	0.000736604	1.09361e-05	5.892832e-05
2.5	0.00042099	7.7406e-06	3.36792e-05
2.7	0.000248116	5.86898e-06	1.984928e-05
2.9	0.000150046	4.57402e-06	1.200368e-05
3.25	6.8651e-05	2.11918e-06	6.17859e-06
3.75	2.30929e-05	1.4131e-06	2.078361e-06
4.25	1.20503e-05	1.17645e-06	1.084527e-06
4.75	3.26433e-06	6.46934e-07	2.9378969999999996e-07

