Centrality 00-10%
pT    Inv. Yield   Stat. Err    Sys. Err   
0.55  63.1318      0.791017     5.68186    
0.65  39.5861      0.47144      3.56275    
0.75  25.1454      0.294899     2.26309    
0.85  16.6056      0.196328     1.4945     
0.95  11.1179      0.131877     1.00061    
1.05  7.20415      0.0828585    0.648374   
1.15  4.82651      0.0549474    0.434386   
1.25  3.33242      0.0380075    0.299918   
1.35  2.29914      0.0260862    0.206923   
1.45  1.57691      0.0176745    0.141922   
1.55  1.10742      0.0124278    0.0996678  
1.65  0.79117      0.00892057   0.0712053  
1.75  0.559921     0.00627604   0.0503929  
1.85  0.390695     0.00432533   0.0351626  
1.95  0.281727     0.00312689   0.0253554  
2.1   0.178973     0.00143393   0.0161076  
2.3   0.093332     0.000742843  0.00839988 
2.5   0.0509047    0.000413465  0.00458142 
2.7   0.0296008    0.000257368  0.00266407 
2.9   0.017415     0.000166531  0.00156735 
3.25  0.00753746   5.63135e-05  0.000753746
3.75  0.00224757   2.43583e-05  0.000224757
4.25  0.000776361  1.34359e-05  7.76361e-05
4.75  0.000360555  9.53129e-06  3.60555e-05
5.25  0.000155928  1.18361e-05  2.18299e-05
5.75  8.83606e-05  9.80412e-06  1.23705e-05

Centrality 10-20%
pT    Inv. Yield   Stat. Err    Sys. Err   
0.55  42.607       0.535455     3.83463    
0.65  26.862       0.320654     2.41758    
0.75  17.0701      0.200854     1.53631    
0.85  11.3641      0.134918     1.02277    
0.95  7.56131      0.0900685    0.680518   
1.05  4.92666      0.0566689    0.443399   
1.15  3.3128       0.0377187    0.298152   
1.25  2.29695      0.0261977    0.206725   
1.35  1.58871      0.0180303    0.142984   
1.45  1.09662      0.0122957    0.0986958  
1.55  0.772188     0.00866988   0.0694969  
1.65  0.554717     0.00625722   0.0499245  
1.75  0.394485     0.00442462   0.0355036  
1.85  0.277084     0.00306973   0.0249376  
1.95  0.200489     0.00222737   0.018044   
2.1   0.128926     0.00103307   0.0116033  
2.3   0.0680594    0.000542356  0.00612535 
2.5   0.0376413    0.000306545  0.00338772 
2.7   0.02199      0.000191895  0.0019791  
2.9   0.0131915    0.000126751  0.00118724 
3.25  0.00575159   4.33355e-05  0.000575159
3.75  0.00173181   1.90745e-05  0.000173181
4.25  0.000615569  1.07833e-05  6.15569e-05
4.75  0.000264028  7.34302e-06  2.64028e-05
5.25  0.000106899  8.80694e-06  1.49659e-05
5.75  6.37265e-05  7.57778e-06  8.92171e-06

Centrality 20-40%
pT    Inv. Yield   Stat. Err    Sys. Err   
0.55  23.2297      0.21161      2.09067    
0.65  14.6476      0.126901     1.31828    
0.75  9.3264       0.0798461    0.839376   
0.85  6.158        0.0532901    0.55422    
0.95  4.1252       0.035923     0.371268   
1.05  2.68209      0.0223117    0.241388   
1.15  1.80404      0.0148565    0.162364   
1.25  1.25323      0.0103401    0.112791   
1.35  0.869628     0.00713938   0.0782665  
1.45  0.601446     0.00487872   0.0541301  
1.55  0.425836     0.00345998   0.0383252  
1.65  0.307338     0.00250779   0.0276604  
1.75  0.219411     0.0017805    0.019747   
1.85  0.154943     0.00124253   0.0139449  
1.95  0.112592     0.000906111  0.0101333  
2.1   0.0729221    0.000423232  0.00656299 
2.3   0.0391736    0.000226387  0.00352562 
2.5   0.0219699    0.0001302    0.00197729 
2.7   0.0129931    8.28485e-05  0.00116938 
2.9   0.00790182   5.57539e-05  0.000711164
3.25  0.00348915   1.95409e-05  0.000348915
3.75  0.00106877   9.01591e-06  0.000106877
4.25  0.000381754  5.27316e-06  3.81754e-05
4.75  0.000174012  3.78933e-06  1.74012e-05
5.25  7.96509e-05  4.91603e-06  1.11511e-05
5.75  3.53457e-05  3.61161e-06  4.9484e-06 

Centrality 40-60%
pT    Inv. Yield   Stat. Err    Sys. Err   
0.55  8.81704      0.0825785    0.793534   
0.65  5.51375      0.0493883    0.496237   
0.75  3.46342      0.0308561    0.311708   
0.85  2.27845      0.0206474    0.20506    
0.95  1.50605      0.013896     0.135545   
1.05  0.975333     0.00826547   0.08778    
1.15  0.653001     0.00548313   0.0587701  
1.25  0.452591     0.00380922   0.0407332  
1.35  0.313812     0.00263086   0.0282431  
1.45  0.216657     0.00179615   0.0194991  
1.55  0.153744     0.00127777   0.013837   
1.65  0.111439     0.00093172   0.0100295  
1.75  0.0798748    0.000665725  0.00718873 
1.85  0.0567136    0.000468131  0.00510422 
1.95  0.0415211    0.000344688  0.0037369  
2.1   0.0271059    0.000162771  0.00243953 
2.3   0.0148221    8.94956e-05  0.00133399 
2.5   0.00848017   5.32219e-05  0.000763215
2.7   0.00508742   3.49221e-05  0.000457868
2.9   0.0031445    2.44469e-05  0.000283005
3.25  0.00142799   9.13894e-06  0.000142799
3.75  0.000456594  4.76396e-06  4.56594e-05
4.25  0.000167513  3.0145e-06   1.67513e-05
4.75  7.49709e-05  2.21309e-06  7.49709e-06
5.25  3.96818e-05  3.23467e-06  5.55545e-06
5.75  1.31544e-05  2.02287e-06  1.84162e-06

Centrality 60-92%
pT    Inv. Yield   Stat. Err    Sys. Err   
0.55  1.8459       0.0170293    0.166131   
0.65  1.11501      0.0100318    0.100351   
0.75  0.688551     0.00634312   0.0619696  
0.85  0.438173     0.00423363   0.0394356  
0.95  0.287206     0.00291989   0.0258485  
1.05  0.182764     0.00147437   0.0164488  
1.15  0.120754     0.000968494  0.0108679  
1.25  0.0831455    0.000670762  0.00748309 
1.35  0.0572923    0.000461667  0.00515631 
1.45  0.039451     0.000315827  0.00355059 
1.55  0.0279838    0.000225896  0.00251854 
1.65  0.0201978    0.000164794  0.0018178  
1.75  0.0144714    0.00011885   0.00130243 
1.85  0.0103415    8.49425e-05  0.000930735
1.95  0.00759283   6.32442e-05  0.000683355
2.1   0.0049976    3.07082e-05  0.000449784
2.3   0.00276139   1.77247e-05  0.000248525
2.5   0.0015918    1.11418e-05  0.000143262
2.7   0.000967762  7.8211e-06   8.70986e-05
2.9   0.000595341  5.75067e-06  5.35807e-05
3.25  0.00028729   2.47871e-06  2.8729e-05 
3.75  9.81443e-05  1.52573e-06  9.81443e-06
4.25  4.02463e-05  1.09219e-06  4.02463e-06
4.75  1.85199e-05  8.34568e-07  1.85199e-06
5.25  8.85674e-06  1.159e-06    1.23994e-06
5.75  4.10106e-06  8.92341e-07  5.74148e-07

